Owner=Nobody
Owned=0
Locked=1
Level=1
Price=250000
Cash=0
Crack=0
Pot=0
CarParts=0
Rent=0
Rentable=0
InteriorID=3
InteriorX=235.235198
InteriorY=1186.685546
InteriorZ=1080.257812
ExteriorID=0
VirWorld=113889
ExteriorX=2528.211914
ExteriorY=-1542.153320
ExteriorZ=24.039062
Ecstasy=0
GunLocker=0
AlarmSystem=0
AlarmNumber=0
WeaponSlot1=0
WeaponSlot2=0
WeaponSlot3=0
WeaponSlot4=0
WeaponSlot5=0
