Owner=Nobody
Owned=0
Locked=1
Level=100
Price=250000
Cash=0
Crack=0
Pot=0
CarParts=0
Rent=0
Rentable=0
InteriorID=0
InteriorX=2482.837402
InteriorY=-1689.379760
InteriorZ=15302.555664
ExteriorID=0
VirWorld=148222
ExteriorX=80.041259
ExteriorY=-1593.583618
ExteriorZ=11.755937
Ecstasy=0
GunLocker=0
AlarmSystem=0
AlarmNumber=0
WeaponSlot1=0
WeaponSlot2=0
WeaponSlot3=0
WeaponSlot4=0
WeaponSlot5=0
