Owner=Nobody
Owned=0
Locked=1
Level=1
Price=25000
Cash=0
Crack=0
Pot=0
CarParts=0
Rent=0
Rentable=0
InteriorID=1
InteriorX=223.169982
InteriorY=1287.080200
InteriorZ=1082.140625
ExteriorID=0
VirWorld=114532
ExteriorX=2128.262695
ExteriorY=-1768.425903
ExteriorZ=13.560029
Radio=0
Ecstasy=0
GunLocker=0
AlarmSystem=0
AlarmNumber=0
WeaponSlot1=0
WeaponSlot2=0
WeaponSlot3=0
WeaponSlot4=0
WeaponSlot5=0
