Owner=Tommy_Martins
Owned=1
Locked=0
Level=1
Price=500000
Cash=0
Crack=0
Pot=0
CarParts=0
Rent=500
Rentable=0
InteriorID=9
InteriorX=83.094352
InteriorY=1322.293579
InteriorZ=1083.866210
ExteriorID=0
VirWorld=165460
ExteriorX=1242.151855
ExteriorY=-1076.201538
ExteriorZ=31.554687
Ecstasy=0
GunLocker=0
AlarmSystem=0
AlarmNumber=0
WeaponSlot1=0
WeaponSlot2=0
WeaponSlot3=0
WeaponSlot4=0
WeaponSlot5=0
Radio=0
