Owner=Nobody
Owned=0
Locked=1
Level=1
Price=80000
Cash=0
Crack=0
Pot=0
CarParts=0
Rent=0
Rentable=0
InteriorID=1
InteriorX=223.163345
InteriorY=1287.075683
InteriorZ=1082.140625
ExteriorID=0
VirWorld=141341
ExteriorX=2514.324218
ExteriorY=-1691.591186
ExteriorZ=14.046030
Ecstasy=0
GunLocker=0
AlarmSystem=0
AlarmNumber=0
WeaponSlot1=0
WeaponSlot2=0
WeaponSlot3=0
WeaponSlot4=0
WeaponSlot5=0
Radio=0
