Owner=Nobody
Owned=0
Locked=1
Level=1
Price=500000
Cash=0
Crack=0
Pot=0
CarParts=0
Rent=0
Rentable=0
InteriorID=4
InteriorX=-260.485992
InteriorY=1456.663940
InteriorZ=1084.367187
ExteriorID=0
VirWorld=180285
ExteriorX=1685.347778
ExteriorY=-1464.567749
ExteriorZ=13.671875
Ecstasy=0
GunLocker=0
AlarmSystem=0
AlarmNumber=0
WeaponSlot1=0
WeaponSlot2=0
WeaponSlot3=0
WeaponSlot4=0
WeaponSlot5=0
