Owner=Nobody
Owned=0
Locked=1
Level=1
Price=50000
Cash=0
Crack=0
Pot=0
CarParts=0
Rent=0
Rentable=0
InteriorID=15
InteriorX=295.072509
InteriorY=1472.258300
InteriorZ=1080.257812
ExteriorID=0
VirWorld=190548
ExteriorX=1854.040771
ExteriorY=-1914.280639
ExteriorZ=15.256793
Radio=0
Ecstasy=0
GunLocker=0
AlarmSystem=0
AlarmNumber=0
WeaponSlot1=0
WeaponSlot2=0
WeaponSlot3=0
WeaponSlot4=0
WeaponSlot5=0
