Owner=Nobody
Owned=0
Locked=1
Level=1
Price=200000
Cash=0
Crack=0
Pot=0
CarParts=0
Rent=0
Rentable=0
InteriorID=6
InteriorX=2196.850585
InteriorY=-1204.427368
InteriorZ=1049.023437
ExteriorID=0
VirWorld=174819
ExteriorX=1285.265258
ExteriorY=-1090.212646
ExteriorZ=28.257812
Ecstasy=0
GunLocker=0
AlarmSystem=0
AlarmNumber=0
WeaponSlot1=0
WeaponSlot2=0
WeaponSlot3=0
WeaponSlot4=0
WeaponSlot5=0
Radio=0
