Owner=Nobody
Owned=0
Locked=1
Level=1
Price=200000
Cash=0
Crack=0
Pot=0
CarParts=0
Rent=0
Rentable=0
InteriorID=9
InteriorX=2317.739501
InteriorY=-1026.755859
InteriorZ=1050.217773
ExteriorID=0
VirWorld=138476
ExteriorX=1285.253417
ExteriorY=-1066.671630
ExteriorZ=31.678918
Ecstasy=0
GunLocker=0
AlarmSystem=0
AlarmNumber=0
WeaponSlot1=0
WeaponSlot2=0
WeaponSlot3=0
WeaponSlot4=0
WeaponSlot5=0
Radio=0
