Owner=Nobody
Owned=0
Locked=1
Level=1
Price=5000000
Cash=0
Crack=0
Pot=0
CarParts=0
Rent=0
Rentable=0
InteriorID=9
InteriorX=2317.881835
InteriorY=-1026.765136
InteriorZ=1050.217773
ExteriorID=0
VirWorld=145252
ExteriorX=971.194213
ExteriorY=-2151.696533
ExteriorZ=14.607812
Ecstasy=0
GunLocker=0
AlarmSystem=0
AlarmNumber=0
WeaponSlot1=0
WeaponSlot2=0
WeaponSlot3=0
WeaponSlot4=0
WeaponSlot5=0
