Owner=Nobody
Owned=0
Locked=1
Level=1
Price=500000
Cash=0
Crack=0
Pot=0
CarParts=0
Rent=0
Rentable=0
InteriorID=15
InteriorX=295.115356
InteriorY=1472.272949
InteriorZ=1080.257812
ExteriorID=0
VirWorld=126550
ExteriorX=1891.858276
ExteriorY=-1914.410522
ExteriorZ=15.256793
Radio=0
Ecstasy=0
GunLocker=0
AlarmSystem=0
AlarmNumber=0
WeaponSlot1=0
WeaponSlot2=0
WeaponSlot3=0
WeaponSlot4=0
WeaponSlot5=0
