Owner=Nobody
Owned=0
Locked=1
Level=1
Price=50000
Cash=0
Crack=0
Pot=0
CarParts=0
Rent=0
Rentable=0
InteriorID=1
InteriorX=223.037826
InteriorY=1287.076538
InteriorZ=1082.140625
ExteriorID=0
VirWorld=119125
ExteriorX=2015.350463
ExteriorY=-1732.628662
ExteriorZ=14.234375
Ecstasy=0
GunLocker=0
AlarmSystem=0
AlarmNumber=0
WeaponSlot1=0
WeaponSlot2=0
WeaponSlot3=0
WeaponSlot4=0
WeaponSlot5=0
Radio=0
