Owner=Nobody
Owned=0
Locked=1
Level=1
Price=35000
Cash=0
Crack=0
Pot=0
CarParts=0
Rent=50
Rentable=1
InteriorID=15
InteriorX=295.090240
InteriorY=1472.255615
InteriorZ=1080.257812
ExteriorID=0
VirWorld=142405
ExteriorX=2257.112548
ExteriorY=-1643.942382
ExteriorZ=15.808191
