Owner=Nobody
Owned=0
Locked=1
Level=1
Price=50000
Cash=0
Crack=0
Pot=0
CarParts=0
Rent=0
Rentable=0
InteriorID=4
InteriorX=260.960601
InteriorY=1284.295532
InteriorZ=1080.257812
ExteriorID=0
VirWorld=132523
ExteriorX=2385.368408
ExteriorY=-1711.838867
ExteriorZ=14.242177
Ecstasy=0
GunLocker=0
AlarmSystem=0
AlarmNumber=0
WeaponSlot1=0
WeaponSlot2=0
WeaponSlot3=0
WeaponSlot4=0
WeaponSlot5=0
Radio=0
