X=1716.597167
Y=-1740.977783
Z=13.546875
Angle=270.237121
ObjectID=158
