X=1315.458862
Y=-1367.874633
Z=13.549175
Angle=359.418518
