X=1287.812622
Y=-1641.101318
Z=13.546875
Angle=178.952072
ObjectID=160
