X=1675.998779
Y=-1459.807861
Z=13.553771
Angle=181.468475
ObjectID=159
