X=768.618591
Y=-1334.850463
Z=13.600000
Angle=170.346298
