X=2228.390380
Y=-1710.650268
Z=13.624515
Angle=0.600682
