X=1496.624633
Y=-1749.742797
Z=15.445309
Angle=271.700744
ObjectID=155
