X=2652.225097
Y=-1730.397338
Z=10.906250
Angle=4.457859
ObjectID=157
