X=1881.810791
Y=-1719.903442
Z=13.529237
Angle=269.759948
