X=995.117126
Y=-2168.216064
Z=13.177808
Angle=262.823669
