X=1720.470458
Y=-1908.402221
Z=13.565221
Angle=180.608459
ObjectID=156
