Name=Varios Los Azticas
PickupID=331
Locked=0
VIP=0
ExteriorID=0
InteriorID=18
VirtualWorld=190178
InteriorX=-229.294052
InteriorY=1401.076049
InteriorZ=27.765625
ExteriorX=1820.262817
ExteriorY=-1994.231689
ExteriorZ=13.554388
Radio=1
RadioURL=
