Name=Tolls Guard post
PickupID=249
Locked=1
VIP=0
ExteriorID=0
InteriorID=0
VirtualWorld=146292
InteriorX=56.301521
InteriorY=-1530.073364
InteriorZ=5.233170
ExteriorX=60.920127
ExteriorY=-1536.122802
ExteriorZ=5.020065
Radio=0
RadioURL=
