Name=Training Arena [VIP]
PickupID=225
Locked=0
VIP=1
ExteriorID=0
InteriorID=18
VirtualWorld=157540
InteriorX=1309.210449
InteriorY=-55.505580
InteriorZ=1002.495056
ExteriorX=1410.603759
ExteriorY=-1700.871826
ExteriorZ=13.539484
Radio=0
RadioURL=
