Name=Fedex Garage Post-Guard
PickupID=345
Locked=1
VIP=0
ExteriorID=0
InteriorID=0
VirtualWorld=130401
InteriorX=1618.791259
InteriorY=-1859.875122
InteriorZ=10.768538
ExteriorX=1618.407470
ExteriorY=-1859.560424
ExteriorZ=13.609324
Radio=0
RadioURL=
