Name=Prison Hall
PickupID=253
Locked=0
VIP=0
ExteriorID=0
InteriorID=0
VirtualWorld=130838
InteriorX=1583.938720
InteriorY=-1754.370971
InteriorZ=1441.199951
ExteriorX=-50.621051
ExteriorY=-233.651794
ExteriorZ=6.764616
Radio=0
RadioURL=
