%PickupID=292%%%%%%%%%%%Radio=0RadioURL=Name=Idlewood Warehouse [VIP]Locked=0VIP=1ExteriorID=0InteriorID=0VirtualWorld=143302InteriorX=2641.877197InteriorY=-1665.722167InteriorZ=1839.474975ExteriorX=1851.446411ExteriorY=-1791.958129ExteriorZ=13.546875Loc























































































































ked=0VIP=0ExteriorID=0InteriorID=0VirtualWorld=143302InteriorX=2641.877197InteriorY=-1665.722167InteriorZ=1839.474975ExteriorX=1851.446411ExteriorY=-1791.958129ExteriorZ=13.546875Name=Unity Warehouse Name=Unity Warehouse Locked=0VIP=0ExteriorID=0Interior























































































































ID=0VirtualWorld=143302InteriorX=2641.877197InteriorY=-1665.722167InteriorZ=1839.474975ExteriorX=1851.446411ExteriorY=-1791.958129ExteriorZ=13.546875
Name=
Locked=0
VIP=0
ExteriorID=0
InteriorID=0
VirtualWorld=0
InteriorX=0.000000
InteriorY=0.000000
InteriorZ=0.000000
ExteriorX=0.000000
ExteriorY=0.000000
ExteriorZ=0.000000
