Name=Star Tower
PickupID=232
Locked=0
VIP=0
ExteriorID=0
InteriorID=0
VirtualWorld=126856
InteriorX=1548.602661
InteriorY=-1363.748535
InteriorZ=326.218292
ExteriorX=1570.478393
ExteriorY=-1337.468750
ExteriorZ=16.484375
Radio=0
RadioURL=
