Name=Private Club
PickupID=355
Locked=1
VIP=0
ExteriorID=0
InteriorID=3
VirtualWorld=183080
InteriorX=-2636.831054
InteriorY=1402.434692
InteriorZ=906.460937
ExteriorX=952.828491
ExteriorY=-909.090942
ExteriorZ=45.765625
Radio=0
RadioURL=
