Name=Garage Back-Door
PickupID=350
Locked=1
VIP=0
ExteriorID=0
InteriorID=0
VirtualWorld=117813
InteriorX=2528.260009
InteriorY=-1672.840820
InteriorZ=14.838768
ExteriorX=283.565948
ExteriorY=-1145.887695
ExteriorZ=80.914062
Radio=0
RadioURL=
