Name=LS Warehouse Workers Building
PickupID=288
Locked=1
VIP=0
ExteriorID=0
InteriorID=5
VirtualWorld=195604
InteriorX=140.339431
InteriorY=1365.925903
InteriorZ=1083.859375
ExteriorX=1155.025634
ExteriorY=-1181.174560
ExteriorZ=32.818702
Radio=0
RadioURL=
