Name=
PickupID=408
Locked=0
VIP=0
ExteriorID=0
InteriorID=0
VirtualWorld=0
InteriorX=0.000000
InteriorY=0.000000
InteriorZ=0.000000
ExteriorX=0.000000
ExteriorY=0.000000
ExteriorZ=0.000000
