Name=Private Building
PickupID=440
Locked=1
VIP=0
ExteriorID=0
InteriorID=0
VirtualWorld=142652
InteriorX=994.653381
InteriorY=-2172.221191
InteriorZ=16.473773
ExteriorX=994.653381
ExteriorY=-2172.221191
ExteriorZ=16.473773
