Name=Track Betting
PickupID=237
Locked=0
VIP=0
ExteriorID=0
InteriorID=3
VirtualWorld=175005
InteriorX=834.667968
InteriorY=7.413280
InteriorZ=1004.187011
ExteriorX=1631.880859
ExteriorY=-1172.925781
ExteriorZ=24.084280
Radio=0
RadioURL=
