Name=Unity Dealership
PickupID=227
Locked=0
VIP=0
ExteriorID=0
InteriorID=3
VirtualWorld=169274
InteriorX=1494.524658
InteriorY=1303.579223
InteriorZ=1093.289062
ExteriorX=1610.888061
ExteriorY=-1893.889404
ExteriorZ=13.546875
Radio=0
RadioURL=
