Name=Jefferson Dealership
PickupID=229
Locked=0
VIP=0
ExteriorID=0
InteriorID=3
VirtualWorld=115160
InteriorX=1494.461791
InteriorY=1303.581054
InteriorZ=1093.289062
ExteriorX=2131.721191
ExteriorY=-1151.312866
ExteriorZ=24.060205
Radio=0
RadioURL=
