Name=El' Corona Dealership
PickupID=230
Locked=0
VIP=0
ExteriorID=0
InteriorID=3
VirtualWorld=142144
InteriorX=1494.346435
InteriorY=1303.580810
InteriorZ=1093.289062
ExteriorX=1991.688110
ExteriorY=-1991.449829
ExteriorZ=13.546875
Radio=0
RadioURL=
