Name=Fight Club
PickupID=310
Locked=0
VIP=0
ExteriorID=0
InteriorID=0
VirtualWorld=0
InteriorX=1348.687988
InteriorY=-1817.531127
InteriorZ=11.551188
ExteriorX=1348.740356
ExteriorY=-1817.162963
ExteriorZ=13.497941
Radio=0
RadioURL=
