Name=News Agency 
PickupID=235
Locked=0
VIP=0
ExteriorID=0
InteriorID=0
VirtualWorld=174960
InteriorX=505.541900
InteriorY=-13.708209
InteriorZ=1007.486206
ExteriorX=847.036193
ExteriorY=-1045.687377
ExteriorZ=25.453294
Radio=0
RadioURL=
