Name=Tolls Guard Post
PickupID=252
Locked=1
VIP=0
ExteriorID=0
InteriorID=0
VirtualWorld=105546
InteriorX=2868.027832
InteriorY=-867.731811
InteriorZ=11.054323
ExteriorX=2868.747558
ExteriorY=-867.757263
ExteriorZ=11.047636
Radio=0
RadioURL=
