Name=Los Santos Community Center
PickupID=326
Locked=0
VIP=0
ExteriorID=0
InteriorID=0
VirtualWorld=135530
InteriorX=5212.218261
InteriorY=-5199.458984
InteriorZ=2.193119
ExteriorX=1720.183715
ExteriorY=-1741.160278
ExteriorZ=13.546875
Radio=0
RadioURL=
