Name=Cluster Hillhop Club
PickupID=332
Locked=0
VIP=0
ExteriorID=0
InteriorID=0
VirtualWorld=107242
InteriorX=5212.221191
InteriorY=-5199.470214
InteriorZ=2.193119
ExteriorX=1097.892089
ExteriorY=-330.998107
ExteriorZ=74.818443
Radio=0
RadioURL=
