Name=PD Roof-Exit
PickupID=354
Locked=0
VIP=0
ExteriorID=0
InteriorID=5
VirtualWorld=191148
InteriorX=2233.761230
InteriorY=-1115.261352
InteriorZ=1050.882812
ExteriorX=1258.857299
ExteriorY=-1685.536499
ExteriorZ=44.459373
Radio=0
RadioURL=
