Name=Tolls Guard Post
PickupID=253
Locked=1
VIP=0
ExteriorID=0
InteriorID=0
VirtualWorld=131239
InteriorX=2837.415771
InteriorY=-867.084533
InteriorZ=10.902645
ExteriorX=2838.136718
ExteriorY=-867.261230
ExteriorZ=10.889898
Radio=0
RadioURL=
