Name=Airport Post Guard
PickupID=231
Locked=1
VIP=0
ExteriorID=0
InteriorID=0
VirtualWorld=191335
InteriorX=1955.821777
InteriorY=-2183.547363
InteriorZ=13.586477
ExteriorX=1956.732666
ExteriorY=-2183.687988
ExteriorZ=13.546875
Radio=0
RadioURL=
