Name=VIP Lounge
PickupID=233
Locked=0
VIP=1
ExteriorID=0
InteriorID=0
VirtualWorld=115582
InteriorX=1821.765380
InteriorY=-1310.664428
InteriorZ=131.734375
ExteriorX=475.472564
ExteriorY=-1501.410766
ExteriorZ=20.535959
Radio=0
RadioURL=
