Name=Garage Post Guard
PickupID=223
Locked=1
VIP=0
ExteriorID=0
InteriorID=0
VirtualWorld=164984
InteriorX=2289.369873
InteriorY=-1700.964965
InteriorZ=17.748437
ExteriorX=2289.160644
ExteriorY=-1701.890380
ExteriorZ=17.700000
Radio=0
RadioURL=
