Name=Private Building
PickupID=356
Locked=1
VIP=0
ExteriorID=0
InteriorID=5
VirtualWorld=170326
InteriorX=140.151519
InteriorY=1365.921752
InteriorZ=1083.859375
ExteriorX=948.453002
ExteriorY=-916.343444
ExteriorZ=45.164993
Radio=0
RadioURL=
