Name=Grove Street Families
PickupID=291
Locked=0
VIP=0
ExteriorID=0
InteriorID=3
VirtualWorld=105031
InteriorX=2495.875244
InteriorY=-1692.095214
InteriorZ=1014.742187
ExteriorX=2495.375000
ExteriorY=-1691.140380
ExteriorZ=14.765625
Radio=0
RadioURL=
