Name=Tolls Guard post
PickupID=250
Locked=1
VIP=0
ExteriorID=0
InteriorID=0
VirtualWorld=109291
InteriorX=40.247413
InteriorY=-1532.167968
InteriorZ=5.396334
ExteriorX=41.324935
ExteriorY=-1526.850097
ExteriorZ=5.382517
Radio=0
RadioURL=
