Name=Grotti Dealership
PickupID=228
Locked=0
VIP=0
ExteriorID=0
InteriorID=3
VirtualWorld=170342
InteriorX=1494.515747
InteriorY=1303.583984
InteriorZ=1093.289062
ExteriorX=542.048339
ExteriorY=-1293.764160
ExteriorZ=17.320131
Radio=0
RadioURL=
