Name=Tolls Guard Post
PickupID=251
Locked=1
VIP=0
ExteriorID=0
InteriorID=0
VirtualWorld=147944
InteriorX=2899.399414
InteriorY=-876.786865
InteriorZ=11.046875
ExteriorX=2898.670898
ExteriorY=-876.778320
ExteriorZ=11.046875
Radio=0
RadioURL=
