Name=Ganton Motel
PickupID=224
Locked=0
VIP=0
ExteriorID=0
InteriorID=3
VirtualWorld=168932
InteriorX=934.501525
InteriorY=8.398427
InteriorZ=1000.988464
ExteriorX=2176.922607
ExteriorY=-1770.488647
ExteriorZ=13.539052
Radio=0
RadioURL=
