Name=LS Warehouse
PickupID=283
Locked=0
VIP=0
ExteriorID=0
InteriorID=1
VirtualWorld=178830
InteriorX=964.930358
InteriorY=2160.097900
InteriorZ=1011.030273
ExteriorX=1121.301757
ExteriorY=-1215.763549
ExteriorZ=18.093488
Radio=0
RadioURL=
