Name=Rent Vehicle Shop
PickupID=294
Locked=0
VIP=0
ExteriorID=0
InteriorID=3
VirtualWorld=110664
InteriorX=1494.515747
InteriorY=1303.583984
InteriorZ=1093.289062
ExteriorX=1848.328002
ExteriorY=-1871.731445
ExteriorZ=13.578125
Radio=0
RadioURL=
