X=2652.481933
Y=-1731.920776
Z=10.906250
Angle=272.891113
ObjectID=152
