X=1737.675415
Y=-1624.850952
Z=13.546875
Angle=179.283981
ObjectID=150
