X=1833.226562
Y=-1839.717651
Z=13.578125
Angle=272.801757
ObjectID=147
