X=1482.507812
Y=-1670.661132
Z=13.405937
Angle=89.024101
