X=0.000000
Y=0.000000
Z=0.000000
Angle=0.000000
ObjectID=139
