X=2357.059814
Y=-1730.812377
Z=13.382812
Angle=16.649675
