X=978.239074
Y=-2151.165527
Z=13.199999
Angle=173.450317
