X=1409.815185
Y=-1708.453125
Z=13.546875
Angle=172.975082
ObjectID=148
