X=1906.163208
Y=-1597.412475
Z=13.559745
Angle=0.104676
ObjectID=151
