X=1680.082641
Y=-1456.694335
Z=13.553771
Angle=357.563446
ObjectID=154
