X=1347.752685
Y=-1759.238403
Z=13.633601
Angle=177.746566
ObjectID=153
