X=1843.331787
Y=-1717.083984
Z=13.546064
Angle=179.156967
