X=1726.055664
Y=-1900.831909
Z=13.563858
Angle=265.183074
ObjectID=145
