X=1327.189575
Y=-1552.828247
Z=13.546875
Angle=257.739532
ObjectID=149
