X=2123.798583
Y=-1778.125488
Z=13.565478
Angle=179.584091
