X=2239.499267
Y=-1648.535278
Z=15.484902
Angle=255.839065
