X=2258.520996
Y=-1653.119628
Z=15.464385
Angle=266.782470
