X=1214.949096
Y=-1411.115478
Z=13.328457
Angle=91.041816
