X=1810.146728
Y=-1902.851440
Z=13.575098
Angle=268.625091
