X=1344.876220
Y=-1310.541870
Z=13.424242
Angle=261.170501
