X=2123.803466
Y=-1766.293457
Z=13.568367
Angle=178.705917
