X=2123.836669
Y=-1771.828735
Z=13.567015
Angle=180.585845
