X=1832.678955
Y=-1847.014526
Z=13.578125
Angle=267.394958
