X=1728.285644
Y=-1868.222412
Z=13.569231
Angle=270.287567
