X=1004.562988
Y=-940.321166
Z=42.179687
