X=1633.465942
Y=-1538.599243
Z=13.613481
