X=1003.788879
Y=-932.928405
Z=42.179687
