X=1633.040649
Y=-1546.499877
Z=13.621997
