X=1938.743530
Y=-1774.154785
Z=13.382812
