X=1945.032470
Y=-1774.279663
Z=13.390598
