driveThruModel=2353
driveThruBiz=83
driveThruX=1210.898681
driveThruY=-895.572326
driveThruZ=42.584327
driveThruOrderX=1203.003540
driveThruOrderY=-923.026000
driveThruOrderZ=42.692531
driveThruName=Burger Shot - Drive Thru
