CarModel=515
CarPrice=150000
CarX=1616.302978
CarY=-1888.990478
CarZ=13.546875
CarF=265.123718
CarSpawnX=5326.9565
CarSpawnY=34.7440
CarSpawnZ=20.5978
CarSpawnF=69.7841
CarColor=0
CarColor2=0
