CarModel=560
CarPrice=1500000
CarX=2135.110107
CarY=-1132.179809
CarZ=25.682401
CarF=35.665466
CarSpawnX=2079.645019
CarSpawnY=-2033.512573
CarSpawnZ=13.267700
CarSpawnF=270.489501
CarColor=0
CarColor2=0
