CarModel=487
CarPrice=5000000
CarX=1527.227539
CarY=-2648.849853
CarZ=13.546875
CarF=357.674926
CarSpawnX=5326.9565
CarSpawnY=34.7440
CarSpawnZ=20.5978
CarSpawnF=69.7841
CarColor=0
CarColor2=0
