CarModel=452
CarPrice=800000
CarX=346.685119
CarY=-1921.765991
CarZ=-0.557918
CarF=176.084869
CarSpawnX=2079.645019
CarSpawnY=-2033.512573
CarSpawnZ=13.267700
CarSpawnF=270.489501
CarColor=0
CarColor2=0
