CarModel=506
CarPrice=5000000
CarX=2120.192871
CarY=-1124.956420
CarZ=25.414278
CarF=289.152435
CarSpawnX=2079.645019
CarSpawnY=-2033.512573
CarSpawnZ=13.267700
CarSpawnF=270.489501
CarColor=0
CarColor2=0
