CarModel=479
CarPrice=60000
CarX=2170.062011
CarY=-1728.663940
CarZ=13.541033
CarF=268.034637
CarSpawnX=5326.9565
CarSpawnY=34.7440
CarSpawnZ=20.5978
CarSpawnF=69.7841
CarColor=0
CarColor2=0
