CarModel=510
CarPrice=8000
CarX=1524.815185
CarY=-1232.498657
CarZ=14.489852
CarF=170.881011
CarSpawnX=5326.9565
CarSpawnY=34.7440
CarSpawnZ=20.5978
CarSpawnF=69.7841
CarColor=0
CarColor2=0
