CarModel=426
CarPrice=70000
CarX=547.888305
CarY=-1280.378051
CarZ=17.248237
CarF=357.048187
CarSpawnX=5326.9565
CarSpawnY=34.7440
CarSpawnZ=20.5978
CarSpawnF=69.7841
CarColor=0
CarColor2=0
