CarModel=492
CarPrice=40000
CarX=999.231994
CarY=-1430.058715
CarZ=13.600482
CarF=21.576673
CarSpawnX=2079.645019
CarSpawnY=-2033.512573
CarSpawnZ=13.267700
CarSpawnF=270.489501
CarColor=0
CarColor2=0
