CarModel=412
CarPrice=70000
CarX=2114.452636
CarY=-1726.442871
CarZ=13.551707
CarF=101.458496
CarSpawnX=2079.645019
CarSpawnY=-2033.512573
CarSpawnZ=13.267700
CarSpawnF=270.489501
CarColor=0
CarColor2=0
