CarModel=463
CarPrice=85000
CarX=1981.092895
CarY=-1996.185546
CarZ=13.553895
CarF=0.473951
CarSpawnX=2079.645019
CarSpawnY=-2033.512573
CarSpawnZ=13.267700
CarSpawnF=270.489501
CarColor=0
CarColor2=0
