CarModel=545
CarPrice=60000
CarX=561.687561
CarY=-1287.032836
CarZ=17.295143
CarF=88.238853
CarSpawnX=2079.645019
CarSpawnY=-2033.512573
CarSpawnZ=13.267700
CarSpawnF=270.489501
CarColor=0
CarColor2=0
