CarModel=411
CarPrice=1500000
CarX=1265.877441
CarY=-1262.845581
CarZ=19.945312
CarF=125.372718
CarSpawnX=2079.645019
CarSpawnY=-2033.512573
CarSpawnZ=13.267700
CarSpawnF=270.489501
CarColor=0
CarColor2=0
