CarModel=536
CarPrice=40000
CarX=2163.216552
CarY=-1728.511108
CarZ=13.540925
CarF=268.661254
CarSpawnX=2079.645019
CarSpawnY=-2033.512573
CarSpawnZ=13.267700
CarSpawnF=270.489501
CarColor=0
CarColor2=0
