CarModel=565
CarPrice=125000
CarX=547.354858
CarY=-1266.130371
CarZ=17.242187
CarF=206.672454
CarSpawnX=2079.645019
CarSpawnY=-2033.512573
CarSpawnZ=13.267700
CarSpawnF=270.489501
CarColor=0
CarColor2=0
