CarModel=481
CarPrice=2000
CarX=1527.242675
CarY=-1232.488891
CarZ=14.517120
CarF=133.593994
CarSpawnX=5326.9565
CarSpawnY=34.7440
CarSpawnZ=20.5978
CarSpawnF=69.7841
CarColor=0
CarColor2=0
