CarModel=540
CarPrice=56000
CarX=1838.687866
CarY=-1826.647827
CarZ=13.578125
CarF=252.663009
CarSpawnX=2079.645019
CarSpawnY=-2033.512573
CarSpawnZ=13.267700
CarSpawnF=270.489501
CarColor=0
CarColor2=0
