CarModel=411
CarPrice=4000000
CarX=2119.001953
CarY=-1130.547851
CarZ=25.311857
CarF=297.322601
CarSpawnX=2079.645019
CarSpawnY=-2033.512573
CarSpawnZ=13.267700
CarSpawnF=270.489501
CarColor=0
CarColor2=0
