CarModel=482
CarPrice=100000
CarX=1633.388793
CarY=-1907.419433
CarZ=13.550138
CarF=313.737548
CarSpawnX=5326.9565
CarSpawnY=34.7440
CarSpawnZ=20.5978
CarSpawnF=69.7841
CarColor=0
CarColor2=0
