CarModel=492
CarPrice=40000
CarX=999.231994
CarY=-1430.058715
CarZ=13.600482
CarF=21.576673
CarSpawnX=5326.9565
CarSpawnY=34.7440
CarSpawnZ=20.5978
CarSpawnF=69.7841
CarColor=0
CarColor2=0
