CarModel=431
CarPrice=90000
CarX=1365.203735
CarY=-1643.559692
CarZ=13.382808
CarF=268.039367
CarSpawnX=5326.9565
CarSpawnY=34.7440
CarSpawnZ=20.5978
CarSpawnF=69.7841
CarColor=0
CarColor2=0
