CarModel=518
CarPrice=80000
CarX=562.604614
CarY=-1277.283935
CarZ=17.242187
CarF=44.306365
CarSpawnX=2079.645019
CarSpawnY=-2033.512573
CarSpawnZ=13.267700
CarSpawnF=270.489501
CarColor=0
CarColor2=0
