CarModel=567
CarPrice=90000
CarX=2148.613769
CarY=-1728.402465
CarZ=13.540843
CarF=269.914642
CarSpawnX=5326.9565
CarSpawnY=34.7440
CarSpawnZ=20.5978
CarSpawnF=69.7841
CarColor=0
CarColor2=0
