CarModel=401
CarPrice=60000
CarX=539.317810
CarY=-1271.574340
CarZ=17.242187
CarF=216.072479
CarSpawnX=2079.645019
CarSpawnY=-2033.512573
CarSpawnZ=13.267700
CarSpawnF=270.489501
CarColor=0
CarColor2=0
