CarModel=468
CarPrice=50000
CarX=1977.832641
CarY=-1995.953002
CarZ=13.553895
CarF=356.400665
CarSpawnX=5326.9565
CarSpawnY=34.7440
CarSpawnZ=20.5978
CarSpawnF=69.7841
CarColor=0
CarColor2=0
