CarModel=412
CarPrice=60000
CarX=553.352844
CarY=-1281.795410
CarZ=17.248237
CarF=359.241516
CarSpawnX=2079.645019
CarSpawnY=-2033.512573
CarSpawnZ=13.267700
CarSpawnF=270.489501
CarColor=0
CarColor2=0
