CarModel=421
CarPrice=90000
CarX=562.857788
CarY=-1270.853149
CarZ=17.242187
CarF=101.318992
CarSpawnX=2079.645019
CarSpawnY=-2033.512573
CarSpawnZ=13.267700
CarSpawnF=270.489501
CarColor=0
CarColor2=0
