CarModel=438
CarPrice=40000
CarX=1363.226318
CarY=-1658.997680
CarZ=13.382808
CarF=268.666015
CarSpawnX=2079.645019
CarSpawnY=-2033.512573
CarSpawnZ=13.267700
CarSpawnF=270.489501
CarColor=0
CarColor2=0
