CarModel=439
CarPrice=45000
CarX=1859.244018
CarY=-1838.031127
CarZ=13.578417
CarF=358.065673
CarSpawnX=2079.645019
CarSpawnY=-2033.512573
CarSpawnZ=13.267700
CarSpawnF=270.489501
CarColor=0
CarColor2=0
