CarModel=454
CarPrice=4000000
CarX=340.138641
CarY=-1929.743408
CarZ=-0.640133
CarF=204.865005
CarSpawnX=5326.9565
CarSpawnY=34.7440
CarSpawnZ=20.5978
CarSpawnF=69.7841
CarColor=0
CarColor2=0
