CarModel=420
CarPrice=45000
CarX=1363.845214
CarY=-1651.088012
CarZ=13.382808
CarF=268.039367
CarSpawnX=2079.645019
CarSpawnY=-2033.512573
CarSpawnZ=13.267700
CarSpawnF=270.489501
CarColor=0
CarColor2=0
