CarModel=408
CarPrice=70000
CarX=1363.877807
CarY=-1635.194580
CarZ=13.382808
CarF=272.112731
CarSpawnX=5326.9565
CarSpawnY=34.7440
CarSpawnZ=20.5978
CarSpawnF=69.7841
CarColor=0
CarColor2=0
