CarModel=454
CarPrice=4000000
CarX=340.138641
CarY=-1929.743408
CarZ=-0.640133
CarF=204.865005
CarSpawnX=2079.645019
CarSpawnY=-2033.512573
CarSpawnZ=13.267700
CarSpawnF=270.489501
CarColor=0
CarColor2=0
