CarModel=474
CarPrice=35000
CarX=1846.376586
CarY=-1828.617309
CarZ=13.581029
CarF=73.098022
CarSpawnX=5326.9565
CarSpawnY=34.7440
CarSpawnZ=20.5978
CarSpawnF=69.7841
CarColor=0
CarColor2=0
