CarModel=426
CarPrice=70000
CarX=547.888305
CarY=-1280.378051
CarZ=17.248237
CarF=357.048187
CarSpawnX=2079.645019
CarSpawnY=-2033.512573
CarSpawnZ=13.267700
CarSpawnF=270.489501
CarColor=0
CarColor2=0
