CarModel=579
CarPrice=70000
CarX=1514.559082
CarY=-1237.408325
CarZ=14.520599
CarF=279.103637
CarSpawnX=2079.645019
CarSpawnY=-2033.512573
CarSpawnZ=13.267700
CarSpawnF=270.489501
CarColor=0
CarColor2=0
