CarModel=567
CarPrice=90000
CarX=2148.613769
CarY=-1728.402465
CarZ=13.540843
CarF=269.914642
CarSpawnX=2079.645019
CarSpawnY=-2033.512573
CarSpawnZ=13.267700
CarSpawnF=270.489501
CarColor=0
CarColor2=0
