CarModel=461
CarPrice=75000
CarX=1981.031127
CarY=-1984.699707
CarZ=13.546875
CarF=171.218811
CarSpawnX=5326.9565
CarSpawnY=34.7440
CarSpawnZ=20.5978
CarSpawnF=69.7841
CarColor=0
CarColor2=0
