CarModel=493
CarPrice=1000000
CarX=355.254730
CarY=-1930.699951
CarZ=-0.634513
CarF=122.794311
CarSpawnX=2079.645019
CarSpawnY=-2033.512573
CarSpawnZ=13.267700
CarSpawnF=270.489501
CarColor=0
CarColor2=0
