CarModel=410
CarPrice=45000
CarX=1000.067321
CarY=-1431.322631
CarZ=19.173643
CarF=34.940586
CarSpawnX=2079.645019
CarSpawnY=-2033.512573
CarSpawnZ=13.267700
CarSpawnF=270.489501
CarColor=0
CarColor2=0
