CarModel=481
CarPrice=2000
CarX=1527.242675
CarY=-1232.488891
CarZ=14.517120
CarF=133.593994
CarSpawnX=2079.645019
CarSpawnY=-2033.512573
CarSpawnZ=13.267700
CarSpawnF=270.489501
CarColor=0
CarColor2=0
