CarModel=415
CarPrice=3000000
CarX=2118.866210
CarY=-1135.907470
CarZ=25.246765
CarF=302.696075
CarSpawnX=5326.9565
CarSpawnY=34.7440
CarSpawnZ=20.5978
CarSpawnF=69.7841
CarColor=0
CarColor2=0
