CarModel=456
CarPrice=130000
CarX=1666.778076
CarY=-1895.777709
CarZ=13.546875
CarF=84.398757
CarSpawnX=2079.645019
CarSpawnY=-2033.512573
CarSpawnZ=13.267700
CarSpawnF=270.489501
CarColor=0
CarColor2=0
