CarModel=479
CarPrice=60000
CarX=2170.062011
CarY=-1728.663940
CarZ=13.541033
CarF=268.034637
CarSpawnX=2169.128173
CarSpawnY=-1728.095581
CarSpawnZ=13.540617
CarSpawnF=268.034637
CarColor=0
CarColor2=0
