CarModel=456
CarPrice=130000
CarX=1666.778076
CarY=-1895.777709
CarZ=13.546875
CarF=84.398757
CarSpawnX=5326.9565
CarSpawnY=34.7440
CarSpawnZ=20.5978
CarSpawnF=69.7841
CarColor=0
CarColor2=0
