CarModel=560
CarPrice=800000
CarX=1264.654541
CarY=-1261.566162
CarZ=13.523433
CarF=161.429824
CarSpawnX=5326.9565
CarSpawnY=34.7440
CarSpawnZ=20.5978
CarSpawnF=69.7841
CarColor=0
CarColor2=0
