CarModel=439
CarPrice=45000
CarX=1859.244018
CarY=-1838.031127
CarZ=13.578417
CarF=358.065673
CarSpawnX=5326.9565
CarSpawnY=34.7440
CarSpawnZ=20.5978
CarSpawnF=69.7841
CarColor=0
CarColor2=0
