CarModel=555
CarPrice=70000
CarX=528.650939
CarY=-1287.718383
CarZ=17.320131
CarF=249.920394
CarSpawnX=5326.9565
CarSpawnY=34.7440
CarSpawnZ=20.5978
CarSpawnF=69.7841
CarColor=0
CarColor2=0
