CarModel=522
CarPrice=1
CarX=614.493957
CarY=-1208.319458
CarZ=18.109375
CarF=205.358169
CarSpawnX=2079.645019
CarSpawnY=-2033.512573
CarSpawnZ=13.267700
CarSpawnF=270.489501
CarColor=0
CarColor2=0
