CarModel=603
CarPrice=2000000
CarX=2134.538574
CarY=-1137.570922
CarZ=25.579212
CarF=36.673538
CarSpawnX=2079.645019
CarSpawnY=-2033.512573
CarSpawnZ=13.267700
CarSpawnF=270.489501
CarColor=0
CarColor2=0
