CarModel=567
CarPrice=70000
CarX=1041.865722
CarY=-1425.970825
CarZ=13.595312
CarF=29.746791
CarSpawnX=5326.9565
CarSpawnY=34.7440
CarSpawnZ=20.5978
CarSpawnF=69.7841
CarColor=0
CarColor2=0
