CarModel=463
CarPrice=85000
CarX=1981.092895
CarY=-1996.185546
CarZ=13.553895
CarF=0.473951
CarSpawnX=5326.9565
CarSpawnY=34.7440
CarSpawnZ=20.5978
CarSpawnF=69.7841
CarColor=0
CarColor2=0
