CarModel=404
CarPrice=60000
CarX=536.214782
CarY=-1275.326782
CarZ=17.242187
CarF=217.880020
CarSpawnX=2079.645019
CarSpawnY=-2033.512573
CarSpawnZ=13.267700
CarSpawnF=270.489501
CarColor=0
CarColor2=0
