CarModel=579
CarPrice=90000
CarX=1023.280639
CarY=-1424.935668
CarZ=13.595312
CarF=323.946166
CarSpawnX=5326.9565
CarSpawnY=34.7440
CarSpawnZ=20.5978
CarSpawnF=69.7841
CarColor=0
CarColor2=0
