CarModel=499
CarPrice=90000
CarX=1645.998168
CarY=-1904.254028
CarZ=13.552103
CarF=358.689697
CarSpawnX=2079.645019
CarSpawnY=-2033.512573
CarSpawnZ=13.267700
CarSpawnF=270.489501
CarColor=0
CarColor2=0
