CarModel=521
CarPrice=90000
CarX=1973.897705
CarY=-1995.938476
CarZ=13.553895
CarF=359.220672
CarSpawnX=2079.645019
CarSpawnY=-2033.512573
CarSpawnZ=13.267700
CarSpawnF=270.489501
CarColor=0
CarColor2=0
