CarModel=461
CarPrice=75000
CarX=1981.031127
CarY=-1984.699707
CarZ=13.546875
CarF=171.218811
CarSpawnX=2079.645019
CarSpawnY=-2033.512573
CarSpawnZ=13.267700
CarSpawnF=270.489501
CarColor=0
CarColor2=0
