CarModel=480
CarPrice=120000
CarX=1011.217712
CarY=-1427.972900
CarZ=13.595312
CarF=23.119983
CarSpawnX=2079.645019
CarSpawnY=-2033.512573
CarSpawnZ=13.267700
CarSpawnF=270.489501
CarColor=0
CarColor2=0
