CarModel=410
CarPrice=50000
CarX=535.744079
CarY=-1283.482666
CarZ=17.242187
CarF=271.194091
CarSpawnX=5326.9565
CarSpawnY=34.7440
CarSpawnZ=20.5978
CarSpawnF=69.7841
CarColor=0
CarColor2=0
