CarModel=506
CarPrice=1000000
CarX=1256.817993
CarY=-1262.955322
CarZ=27.422100
CarF=141.596130
CarSpawnX=2079.645019
CarSpawnY=-2033.512573
CarSpawnZ=13.267700
CarSpawnF=270.489501
CarColor=0
CarColor2=0
