CarModel=510
CarPrice=8000
CarX=1524.815185
CarY=-1232.498657
CarZ=14.489852
CarF=170.881011
CarSpawnX=2079.645019
CarSpawnY=-2033.512573
CarSpawnZ=13.267700
CarSpawnF=270.489501
CarColor=0
CarColor2=0
