CarModel=506
CarPrice=1000000
CarX=1256.817993
CarY=-1262.955322
CarZ=27.422100
CarF=141.596130
CarSpawnX=5326.9565
CarSpawnY=34.7440
CarSpawnZ=20.5978
CarSpawnF=69.7841
CarColor=0
CarColor2=0
