CarModel=451
CarPrice=2000000
CarX=1266.197631
CarY=-1262.498168
CarZ=27.429687
CarF=219.616882
CarSpawnX=2079.645019
CarSpawnY=-2033.512573
CarSpawnZ=13.267700
CarSpawnF=270.489501
CarColor=0
CarColor2=0
