CarModel=405
CarPrice=70000
CarX=532.083496
CarY=-1278.534667
CarZ=17.242187
CarF=217.253402
CarSpawnX=5326.9565
CarSpawnY=34.7440
CarSpawnZ=20.5978
CarSpawnF=69.7841
CarColor=0
CarColor2=0
