CarModel=468
CarPrice=25000
CarX=1526.949218
CarY=-1241.653076
CarZ=14.525470
CarF=44.919826
CarSpawnX=5326.9565
CarSpawnY=34.7440
CarSpawnZ=20.5978
CarSpawnF=69.7841
CarColor=0
CarColor2=0
