CarModel=466
CarPrice=9000
CarX=1809.032348
CarY=-1815.866455
CarZ=13.548043
CarF=184.104187
CarSpawnX=5326.9565
CarSpawnY=34.7440
CarSpawnZ=20.5978
CarSpawnF=69.7841
CarColor=0
CarColor2=0
