CarModel=480
CarPrice=500000
CarX=2136.337402
CarY=-1127.600341
CarZ=25.559579
CarF=29.153455
CarSpawnX=2079.645019
CarSpawnY=-2033.512573
CarSpawnZ=13.267700
CarSpawnF=270.489501
CarColor=0
CarColor2=0
