CarModel=593
CarPrice=8000000
CarX=1515.824462
CarY=-2639.207031
CarZ=13.546875
CarF=263.842376
CarSpawnX=5326.9565
CarSpawnY=34.7440
CarSpawnZ=20.5978
CarSpawnF=69.7841
CarColor=0
CarColor2=0
