CarModel=600
CarPrice=6300
CarX=1804.392822
CarY=-1823.314086
CarZ=13.578125
CarF=269.018432
CarSpawnX=5326.9565
CarSpawnY=34.7440
CarSpawnZ=20.5978
CarSpawnF=69.7841
CarColor=0
CarColor2=0
