CarModel=415
CarPrice=3000000
CarX=2118.866210
CarY=-1135.907470
CarZ=25.246765
CarF=302.696075
CarSpawnX=2079.645019
CarSpawnY=-2033.512573
CarSpawnZ=13.267700
CarSpawnF=270.489501
CarColor=0
CarColor2=0
