CarModel=579
CarPrice=90000
CarX=1023.280639
CarY=-1424.935668
CarZ=13.595312
CarF=323.946166
CarSpawnX=2079.645019
CarSpawnY=-2033.512573
CarSpawnZ=13.267700
CarSpawnF=270.489501
CarColor=0
CarColor2=0
