CarModel=419
CarPrice=60000
CarX=559.465209
CarY=-1281.665771
CarZ=17.248237
CarF=359.868774
CarSpawnX=5326.9565
CarSpawnY=34.7440
CarSpawnZ=20.5978
CarSpawnF=69.7841
CarColor=0
CarColor2=0
