CarModel=533
CarPrice=80000
CarX=561.837524
CarY=-1292.442749
CarZ=17.295143
CarF=88.238845
CarSpawnX=5326.9565
CarSpawnY=34.7440
CarSpawnZ=20.5978
CarSpawnF=69.7841
CarColor=0
CarColor2=0
