CarModel=517
CarPrice=40000
CarX=2128.969970
CarY=-1729.740112
CarZ=13.549052
CarF=357.866760
CarSpawnX=2079.645019
CarSpawnY=-2033.512573
CarSpawnZ=13.267700
CarSpawnF=270.489501
CarColor=0
CarColor2=0
