CarModel=550
CarPrice=60000
CarX=1009.684570
CarY=-1431.456420
CarZ=19.173643
CarF=320.053222
CarSpawnX=2079.645019
CarSpawnY=-2033.512573
CarSpawnZ=13.267700
CarSpawnF=270.489501
CarColor=0
CarColor2=0
