CarModel=480
CarPrice=120000
CarX=1011.217712
CarY=-1427.972900
CarZ=13.595312
CarF=23.119983
CarSpawnX=5326.9565
CarSpawnY=34.7440
CarSpawnZ=20.5978
CarSpawnF=69.7841
CarColor=0
CarColor2=0
