CarModel=589
CarPrice=90000
CarX=522.407714
CarY=-1291.472534
CarZ=17.320127
CarF=342.691284
CarSpawnX=2079.645019
CarSpawnY=-2033.512573
CarSpawnZ=13.267700
CarSpawnF=270.489501
CarColor=0
CarColor2=0
