CarModel=429
CarPrice=120000
CarX=1268.438598
CarY=-1249.544677
CarZ=19.945312
CarF=137.424484
CarSpawnX=2079.645019
CarSpawnY=-2033.512573
CarSpawnZ=13.267700
CarSpawnF=270.489501
CarColor=0
CarColor2=0
