CarModel=455
CarPrice=150000
CarX=1669.352661
CarY=-1888.869750
CarZ=13.546875
CarF=87.604507
CarSpawnX=2079.645019
CarSpawnY=-2033.512573
CarSpawnZ=13.267700
CarSpawnF=270.489501
CarColor=0
CarColor2=0
