CarModel=480
CarPrice=500000
CarX=2136.337402
CarY=-1127.600341
CarZ=25.559579
CarF=29.153455
CarSpawnX=5326.9565
CarSpawnY=34.7440
CarSpawnZ=20.5978
CarSpawnF=69.7841
CarColor=0
CarColor2=0
