CarModel=593
CarPrice=8000000
CarX=1515.824462
CarY=-2639.207031
CarZ=13.546875
CarF=263.842376
CarSpawnX=2079.645019
CarSpawnY=-2033.512573
CarSpawnZ=13.267700
CarSpawnF=270.489501
CarColor=0
CarColor2=0
