CarModel=455
CarPrice=150000
CarX=1669.352661
CarY=-1888.869750
CarZ=13.546875
CarF=87.604507
CarSpawnX=5326.9565
CarSpawnY=34.7440
CarSpawnZ=20.5978
CarSpawnF=69.7841
CarColor=0
CarColor2=0
