CarModel=411
CarPrice=1500000
CarX=1265.877441
CarY=-1262.845581
CarZ=19.945312
CarF=125.372718
CarSpawnX=5326.9565
CarSpawnY=34.7440
CarSpawnZ=20.5978
CarSpawnF=69.7841
CarColor=0
CarColor2=0
