CarModel=560
CarPrice=800000
CarX=1264.654541
CarY=-1261.566162
CarZ=13.523433
CarF=161.429824
CarSpawnX=2079.645019
CarSpawnY=-2033.512573
CarSpawnZ=13.267700
CarSpawnF=270.489501
CarColor=0
CarColor2=0
