CarModel=522
CarPrice=2000000
CarX=1977.590209
CarY=-1984.818359
CarZ=13.546875
CarF=178.738845
CarSpawnX=2079.645019
CarSpawnY=-2033.512573
CarSpawnZ=13.267700
CarSpawnF=270.489501
CarColor=0
CarColor2=0
