CarModel=579
CarPrice=80000
CarX=1266.732299
CarY=-1250.962768
CarZ=27.429687
CarF=183.583160
CarSpawnX=5326.9565
CarSpawnY=34.7440
CarSpawnZ=20.5978
CarSpawnF=69.7841
CarColor=0
CarColor2=0
