CarModel=518
CarPrice=80000
CarX=562.604614
CarY=-1277.283935
CarZ=17.242187
CarF=44.306365
CarSpawnX=5326.9565
CarSpawnY=34.7440
CarSpawnZ=20.5978
CarSpawnF=69.7841
CarColor=0
CarColor2=0
