CarModel=420
CarPrice=45000
CarX=1363.845214
CarY=-1651.088012
CarZ=13.382808
CarF=268.039367
CarSpawnX=5326.9565
CarSpawnY=34.7440
CarSpawnZ=20.5978
CarSpawnF=69.7841
CarColor=0
CarColor2=0
