CarModel=411
CarPrice=4000000
CarX=2119.001953
CarY=-1130.547851
CarZ=25.311857
CarF=297.322601
CarSpawnX=5326.9565
CarSpawnY=34.7440
CarSpawnZ=20.5978
CarSpawnF=69.7841
CarColor=0
CarColor2=0
