CarModel=412
CarPrice=70000
CarX=2114.452636
CarY=-1726.442871
CarZ=13.551707
CarF=101.458496
CarSpawnX=5326.9565
CarSpawnY=34.7440
CarSpawnZ=20.5978
CarSpawnF=69.7841
CarColor=0
CarColor2=0
