CarModel=567
CarPrice=70000
CarX=1041.865722
CarY=-1425.970825
CarZ=13.595312
CarF=29.746791
CarSpawnX=2079.645019
CarSpawnY=-2033.512573
CarSpawnZ=13.267700
CarSpawnF=270.489501
CarColor=0
CarColor2=0
