CarModel=579
CarPrice=70000
CarX=1514.559082
CarY=-1237.408325
CarZ=14.520599
CarF=279.103637
CarSpawnX=5326.9565
CarSpawnY=34.7440
CarSpawnZ=20.5978
CarSpawnF=69.7841
CarColor=0
CarColor2=0
