CarModel=493
CarPrice=1000000
CarX=355.254730
CarY=-1930.699951
CarZ=-0.634513
CarF=122.794311
CarSpawnX=5326.9565
CarSpawnY=34.7440
CarSpawnZ=20.5978
CarSpawnF=69.7841
CarColor=0
CarColor2=0
