CarModel=567
CarPrice=75000
CarX=563.324340
CarY=-1264.777709
CarZ=17.242187
CarF=8.585968
CarSpawnX=5326.9565
CarSpawnY=34.7440
CarSpawnZ=20.5978
CarSpawnF=69.7841
CarColor=0
CarColor2=0
