CarModel=533
CarPrice=80000
CarX=561.837524
CarY=-1292.442749
CarZ=17.295143
CarF=88.238845
CarSpawnX=2079.645019
CarSpawnY=-2033.512573
CarSpawnZ=13.267700
CarSpawnF=270.489501
CarColor=0
CarColor2=0
