CarModel=429
CarPrice=120000
CarX=1268.438598
CarY=-1249.544677
CarZ=19.945312
CarF=137.424484
CarSpawnX=5326.9565
CarSpawnY=34.7440
CarSpawnZ=20.5978
CarSpawnF=69.7841
CarColor=0
CarColor2=0
