CarModel=412
CarPrice=60000
CarX=553.352844
CarY=-1281.795410
CarZ=17.248237
CarF=359.241516
CarSpawnX=5326.9565
CarSpawnY=34.7440
CarSpawnZ=20.5978
CarSpawnF=69.7841
CarColor=0
CarColor2=0
