CarModel=579
CarPrice=70000
CarX=2155.552734
CarY=-1728.432006
CarZ=13.540863
CarF=268.661254
CarSpawnX=5326.9565
CarSpawnY=34.7440
CarSpawnZ=20.5978
CarSpawnF=69.7841
CarColor=0
CarColor2=0
