CarModel=589
CarPrice=75000
CarX=1035.130493
CarY=-1427.800048
CarZ=19.173643
CarF=65.624244
CarSpawnX=2079.645019
CarSpawnY=-2033.512573
CarSpawnZ=13.267700
CarSpawnF=270.489501
CarColor=0
CarColor2=0
