CarModel=589
CarPrice=90000
CarX=522.407714
CarY=-1291.472534
CarZ=17.320127
CarF=342.691284
CarSpawnX=5326.9565
CarSpawnY=34.7440
CarSpawnZ=20.5978
CarSpawnF=69.7841
CarColor=0
CarColor2=0
