CarModel=545
CarPrice=60000
CarX=561.687561
CarY=-1287.032836
CarZ=17.295143
CarF=88.238853
CarSpawnX=5326.9565
CarSpawnY=34.7440
CarSpawnZ=20.5978
CarSpawnF=69.7841
CarColor=0
CarColor2=0
