CarModel=405
CarPrice=70000
CarX=532.083496
CarY=-1278.534667
CarZ=17.242187
CarF=217.253402
CarSpawnX=2079.645019
CarSpawnY=-2033.512573
CarSpawnZ=13.267700
CarSpawnF=270.489501
CarColor=0
CarColor2=0
