CarModel=579
CarPrice=70000
CarX=550.886169
CarY=-1288.701416
CarZ=17.320142
CarF=140.566772
CarSpawnX=5326.9565
CarSpawnY=34.7440
CarSpawnZ=20.5978
CarSpawnF=69.7841
CarColor=0
CarColor2=0
