CarModel=522
CarPrice=1
CarX=614.493957
CarY=-1208.319458
CarZ=18.109375
CarF=205.358169
CarSpawnX=5326.9565
CarSpawnY=34.7440
CarSpawnZ=20.5978
CarSpawnF=69.7841
CarColor=0
CarColor2=0
