CarModel=565
CarPrice=125000
CarX=547.354858
CarY=-1266.130371
CarZ=17.242187
CarF=206.672454
CarSpawnX=5326.9565
CarSpawnY=34.7440
CarSpawnZ=20.5978
CarSpawnF=69.7841
CarColor=0
CarColor2=0
