CarModel=421
CarPrice=90000
CarX=562.857788
CarY=-1270.853149
CarZ=17.242187
CarF=101.318992
CarSpawnX=5326.9565
CarSpawnY=34.7440
CarSpawnZ=20.5978
CarSpawnF=69.7841
CarColor=0
CarColor2=0
