CarModel=474
CarPrice=35000
CarX=1846.376586
CarY=-1828.617309
CarZ=13.581029
CarF=73.098022
CarSpawnX=2079.645019
CarSpawnY=-2033.512573
CarSpawnZ=13.267700
CarSpawnF=270.489501
CarColor=0
CarColor2=0
