CarModel=452
CarPrice=800000
CarX=346.685119
CarY=-1921.765991
CarZ=-0.557918
CarF=176.084869
CarSpawnX=5326.9565
CarSpawnY=34.7440
CarSpawnZ=20.5978
CarSpawnF=69.7841
CarColor=0
CarColor2=0
