CarModel=401
CarPrice=60000
CarX=539.317810
CarY=-1271.574340
CarZ=17.242187
CarF=216.072479
CarSpawnX=5326.9565
CarSpawnY=34.7440
CarSpawnZ=20.5978
CarSpawnF=69.7841
CarColor=0
CarColor2=0
