CarModel=482
CarPrice=100000
CarX=1633.388793
CarY=-1907.419433
CarZ=13.550138
CarF=313.737548
CarSpawnX=2079.645019
CarSpawnY=-2033.512573
CarSpawnZ=13.267700
CarSpawnF=270.489501
CarColor=0
CarColor2=0
