CarModel=515
CarPrice=150000
CarX=1616.302978
CarY=-1888.990478
CarZ=13.546875
CarF=265.123718
CarSpawnX=2079.645019
CarSpawnY=-2033.512573
CarSpawnZ=13.267700
CarSpawnF=270.489501
CarColor=0
CarColor2=0
