CarModel=468
CarPrice=50000
CarX=1977.832641
CarY=-1995.953002
CarZ=13.553895
CarF=356.400665
CarSpawnX=2079.645019
CarSpawnY=-2033.512573
CarSpawnZ=13.267700
CarSpawnF=270.489501
CarColor=0
CarColor2=0
