CarModel=419
CarPrice=60000
CarX=559.465209
CarY=-1281.665771
CarZ=17.248237
CarF=359.868774
CarSpawnX=2079.645019
CarSpawnY=-2033.512573
CarSpawnZ=13.267700
CarSpawnF=270.489501
CarColor=0
CarColor2=0
