CarModel=522
CarPrice=2000000
CarX=1977.590209
CarY=-1984.818359
CarZ=13.546875
CarF=178.738845
CarSpawnX=5326.9565
CarSpawnY=34.7440
CarSpawnZ=20.5978
CarSpawnF=69.7841
CarColor=0
CarColor2=0
