CarModel=589
CarPrice=90000
CarX=2139.067871
CarY=-1728.466918
CarZ=13.540889
CarF=268.986755
CarSpawnX=2079.645019
CarSpawnY=-2033.512573
CarSpawnZ=13.267700
CarSpawnF=270.489501
CarColor=0
CarColor2=0
