CarModel=550
CarPrice=60000
CarX=1009.684570
CarY=-1431.456420
CarZ=19.173643
CarF=320.053222
CarSpawnX=5326.9565
CarSpawnY=34.7440
CarSpawnZ=20.5978
CarSpawnF=69.7841
CarColor=0
CarColor2=0
