CarModel=466
CarPrice=9000
CarX=1809.032348
CarY=-1815.866455
CarZ=13.548043
CarF=184.104187
CarSpawnX=2079.645019
CarSpawnY=-2033.512573
CarSpawnZ=13.267700
CarSpawnF=270.489501
CarColor=0
CarColor2=0
