CarModel=487
CarPrice=5000000
CarX=1527.227539
CarY=-2648.849853
CarZ=13.546875
CarF=357.674926
CarSpawnX=2079.645019
CarSpawnY=-2033.512573
CarSpawnZ=13.267700
CarSpawnF=270.489501
CarColor=0
CarColor2=0
