CarModel=499
CarPrice=90000
CarX=1645.998168
CarY=-1904.254028
CarZ=13.552103
CarF=358.689697
CarSpawnX=5326.9565
CarSpawnY=34.7440
CarSpawnZ=20.5978
CarSpawnF=69.7841
CarColor=0
CarColor2=0
