CarModel=404
CarPrice=7500
CarX=1812.743774
CarY=-1820.137817
CarZ=13.576784
CarF=154.987335
CarSpawnX=5326.9565
CarSpawnY=34.7440
CarSpawnZ=20.5978
CarSpawnF=69.7841
CarColor=0
CarColor2=0
