CarModel=400
CarPrice=80000
CarX=543.874633
CarY=-1268.781860
CarZ=17.248237
CarF=214.746749
CarSpawnX=2079.645019
CarSpawnY=-2033.512573
CarSpawnZ=13.267700
CarSpawnF=270.489501
CarColor=0
CarColor2=0
