CarModel=400
CarPrice=80000
CarX=543.874633
CarY=-1268.781860
CarZ=17.248237
CarF=214.746749
CarSpawnX=5326.9565
CarSpawnY=34.7440
CarSpawnZ=20.5978
CarSpawnF=69.7841
CarColor=0
CarColor2=0
