CarModel=579
CarPrice=80000
CarX=1266.732299
CarY=-1250.962768
CarZ=27.429687
CarF=183.583160
CarSpawnX=2079.645019
CarSpawnY=-2033.512573
CarSpawnZ=13.267700
CarSpawnF=270.489501
CarColor=0
CarColor2=0
