CarModel=404
CarPrice=60000
CarX=536.214782
CarY=-1275.326782
CarZ=17.242187
CarF=217.880020
CarSpawnX=5326.9565
CarSpawnY=34.7440
CarSpawnZ=20.5978
CarSpawnF=69.7841
CarColor=0
CarColor2=0
