CarModel=408
CarPrice=70000
CarX=1363.877807
CarY=-1635.194580
CarZ=13.382808
CarF=272.112731
CarSpawnX=2079.645019
CarSpawnY=-2033.512573
CarSpawnZ=13.267700
CarSpawnF=270.489501
CarColor=0
CarColor2=0
