CarModel=579
CarPrice=70000
CarX=550.886169
CarY=-1288.701416
CarZ=17.320142
CarF=140.566772
CarSpawnX=2079.645019
CarSpawnY=-2033.512573
CarSpawnZ=13.267700
CarSpawnF=270.489501
CarColor=0
CarColor2=0
