CarModel=410
CarPrice=45000
CarX=1000.067321
CarY=-1431.322631
CarZ=19.173643
CarF=34.940586
CarSpawnX=5326.9565
CarSpawnY=34.7440
CarSpawnZ=20.5978
CarSpawnF=69.7841
CarColor=0
CarColor2=0
