CarModel=589
CarPrice=90000
CarX=2139.067871
CarY=-1728.466918
CarZ=13.540889
CarF=268.986755
CarSpawnX=5326.9565
CarSpawnY=34.7440
CarSpawnZ=20.5978
CarSpawnF=69.7841
CarColor=0
CarColor2=0
