CarModel=468
CarPrice=25000
CarX=1526.949218
CarY=-1241.653076
CarZ=14.525470
CarF=44.919826
CarSpawnX=2079.645019
CarSpawnY=-2033.512573
CarSpawnZ=13.267700
CarSpawnF=270.489501
CarColor=0
CarColor2=0
