CarModel=521
CarPrice=90000
CarX=1973.897705
CarY=-1995.938476
CarZ=13.553895
CarF=359.220672
CarSpawnX=5326.9565
CarSpawnY=34.7440
CarSpawnZ=20.5978
CarSpawnF=69.7841
CarColor=0
CarColor2=0
