CarModel=603
CarPrice=2000000
CarX=2134.538574
CarY=-1137.570922
CarZ=25.579212
CarF=36.673538
CarSpawnX=5326.9565
CarSpawnY=34.7440
CarSpawnZ=20.5978
CarSpawnF=69.7841
CarColor=0
CarColor2=0
