CarModel=555
CarPrice=70000
CarX=528.650939
CarY=-1287.718383
CarZ=17.320131
CarF=249.920394
CarSpawnX=2079.645019
CarSpawnY=-2033.512573
CarSpawnZ=13.267700
CarSpawnF=270.489501
CarColor=0
CarColor2=0
