CarModel=600
CarPrice=6300
CarX=1804.392822
CarY=-1823.314086
CarZ=13.578125
CarF=269.018432
CarSpawnX=2079.645019
CarSpawnY=-2033.512573
CarSpawnZ=13.267700
CarSpawnF=270.489501
CarColor=0
CarColor2=0
