CarModel=560
CarPrice=1500000
CarX=2135.110107
CarY=-1132.179809
CarZ=25.682401
CarF=35.665466
CarSpawnX=5326.9565
CarSpawnY=34.7440
CarSpawnZ=20.5978
CarSpawnF=69.7841
CarColor=0
CarColor2=0
