CarModel=589
CarPrice=75000
CarX=1035.130493
CarY=-1427.800048
CarZ=19.173643
CarF=65.624244
CarSpawnX=5326.9565
CarSpawnY=34.7440
CarSpawnZ=20.5978
CarSpawnF=69.7841
CarColor=0
CarColor2=0
