CarModel=410
CarPrice=50000
CarX=535.744079
CarY=-1283.482666
CarZ=17.242187
CarF=271.194091
CarSpawnX=2079.645019
CarSpawnY=-2033.512573
CarSpawnZ=13.267700
CarSpawnF=270.489501
CarColor=0
CarColor2=0
