CarModel=517
CarPrice=40000
CarX=2128.969970
CarY=-1729.740112
CarZ=13.549052
CarF=357.866760
CarSpawnX=5326.9565
CarSpawnY=34.7440
CarSpawnZ=20.5978
CarSpawnF=69.7841
CarColor=0
CarColor2=0
