CarModel=451
CarPrice=2000000
CarX=1266.197631
CarY=-1262.498168
CarZ=27.429687
CarF=219.616882
CarSpawnX=5326.9565
CarSpawnY=34.7440
CarSpawnZ=20.5978
CarSpawnF=69.7841
CarColor=0
CarColor2=0
