CarModel=506
CarPrice=5000000
CarX=2120.192871
CarY=-1124.956420
CarZ=25.414278
CarF=289.152435
CarSpawnX=5326.9565
CarSpawnY=34.7440
CarSpawnZ=20.5978
CarSpawnF=69.7841
CarColor=0
CarColor2=0
