CarModel=579
CarPrice=70000
CarX=2155.552734
CarY=-1728.432006
CarZ=13.540863
CarF=268.661254
CarSpawnX=2079.645019
CarSpawnY=-2033.512573
CarSpawnZ=13.267700
CarSpawnF=270.489501
CarColor=0
CarColor2=0
