CarModel=438
CarPrice=40000
CarX=1363.226318
CarY=-1658.997680
CarZ=13.382808
CarF=268.666015
CarSpawnX=5326.9565
CarSpawnY=34.7440
CarSpawnZ=20.5978
CarSpawnF=69.7841
CarColor=0
CarColor2=0
