CarModel=567
CarPrice=75000
CarX=563.324340
CarY=-1264.777709
CarZ=17.242187
CarF=8.585968
CarSpawnX=2079.645019
CarSpawnY=-2033.512573
CarSpawnZ=13.267700
CarSpawnF=270.489501
CarColor=0
CarColor2=0
