CarModel=536
CarPrice=40000
CarX=2163.216552
CarY=-1728.511108
CarZ=13.540925
CarF=268.661254
CarSpawnX=5326.9565
CarSpawnY=34.7440
CarSpawnZ=20.5978
CarSpawnF=69.7841
CarColor=0
CarColor2=0
