CarModel=540
CarPrice=56000
CarX=1838.687866
CarY=-1826.647827
CarZ=13.578125
CarF=252.663009
CarSpawnX=5326.9565
CarSpawnY=34.7440
CarSpawnZ=20.5978
CarSpawnF=69.7841
CarColor=0
CarColor2=0
