CarModel=404
CarPrice=7500
CarX=1812.743774
CarY=-1820.137817
CarZ=13.576784
CarF=154.987335
CarSpawnX=2079.645019
CarSpawnY=-2033.512573
CarSpawnZ=13.267700
CarSpawnF=270.489501
CarColor=0
CarColor2=0
