Cash=0
Locked=0
Fee=0
ObjectID=114
X=0.000000
Y=0.000000
Z=0.000000
Angle=0.000000
