Cash=500000
Fee=10
Locked=0
X=1415.366577
Y=-1693.526123
Z=13.546875
Angle=66.127395
ObjectID=121
