Cash=500000
Fee=10
Locked=0
X=1928.581054
Y=-1783.721191
Z=13.546875
Angle=92.116813
ObjectID=119
