Cash=500000
Fee=10
Locked=0
X=1272.994506
Y=-1645.082153
Z=13.583934
Angle=0.349985
ObjectID=128
