Cash=500000
Fee=10
Locked=1
X=1710.980957
Y=-1888.405639
Z=13.567541
Angle=359.184356
ObjectID=117
