Cash=500000
Fee=10
Locked=1
X=2652.319580
Y=-1728.509887
Z=10.906250
Angle=268.504425
ObjectID=126
