Cash=500000
Fee=10
Locked=1
X=1837.277221
Y=-1693.867065
Z=13.722007
Angle=0.263929
