Cash=500000
Fee=10
Locked=0
X=2228.391845
Y=-1707.824218
Z=13.652215
Angle=269.733123
ObjectID=12299
