Cash=500000
Fee=10
Locked=0
X=1734.118652
Y=-1608.054565
Z=13.546875
Angle=271.404724
ObjectID=123
