Cash=500000
Fee=10
Locked=0
X=1913.543457
Y=-1597.411743
Z=13.558550
Angle=1.044926
ObjectID=124
