Cash=500000
Fee=10
Locked=0
X=1071.825195
Y=-1110.809814
Z=24.390090
Angle=179.030242
ObjectID=125
