Cash=500000
Fee=10
Locked=1
X=1724.904785
Y=-1741.162719
Z=13.546875
Angle=176.769104
