Cash=500000
Fee=10
Locked=0
X=1833.233886
Y=-1845.587646
Z=13.578125
Angle=270.921722
ObjectID=120
