Cash=500000
Fee=10
Locked=1
X=1330.779663
Y=-1559.838256
Z=13.546875
Angle=309.126708
ObjectID=122
