Cash=500000
Fee=10
Locked=1
X=985.074707
Y=-2124.292236
Z=13.269277
Angle=60.962615
