Cash=500000
Fee=10
Locked=1
X=1719.074462
Y=-1888.407226
Z=13.565565
Angle=359.184356
ObjectID=118
