Cash=500000
Fee=10
Locked=0
X=1680.661865
Y=-1464.064086
Z=13.546875
Angle=178.045150
ObjectID=127
